"x"
3.89033680772609
3.87069755830083
3.61458329861201
3.57923005509389
3.56029935036054
3.54380426602159
3.43665874566651
3.43193238656286
3.42482412556725
3.40331195130442
3.39890832053768
3.39148003727337
3.38397764845944
3.37172966241132
3.36384265971587
3.35204702178695
3.34233373673885
3.33070814917748
3.32348840123967
3.31961325789653
3.31647203470544
3.31216854237964
3.30883448960818
3.29977604284681
3.29349923145721
3.28252626632841
3.27847257381555
3.27704800375704
3.27206004063862
3.26604211769206
3.2639867789901
3.26254952994789
3.25974185723649
3.25672809671258
3.24512951597702
3.24473975940511
3.22920578162709
3.2259646130221
3.22312695688915
3.21063470038733
3.19762207068132
3.19114501655137
3.18673657333013
3.18259553966384
3.17406121802703
3.17337469249625
3.16320447825685
3.15532071858736
3.15080119811183
3.13222333416841
3.13160198908853
3.12036839780682
3.11968379719086
3.11061017305178
3.10729564362095
3.10193263914218
3.10009249865688
3.08604814371467
3.07955817546152
3.07872587578317
3.06537497580548
3.06124982704103
3.05507946173028
3.04869089120989
3.04405864553995
3.04260656680001
3.04109384641759
3.02691569869293
3.02650244888901
3.02381028707235
3.01700529997123
3.01519833938776
3.01123503037318
2.99950573579593
2.99447837588462
2.99391118288824
2.99118772179359
2.98302755993819
2.97565877419631
2.97491568663073
2.97081860184847
2.96817802717402
2.96112397603693
2.95852068743504
2.95296971403811
2.95093076350816
2.94904643881409
2.94108632673691
2.94059194849302
2.93926482490144
2.93805980446241
2.93685754287969
2.93515585341204
2.93086852430801
2.92662843883079
2.91692639167553
2.914616861647
2.90937658864737
2.90871999829822
2.90837393716035
2.90574405308648
2.90523200173192
2.90306140037009
2.89250180216362
2.89015761829432
2.88629721159172
2.88609866448236
2.88448956730294
2.88431393779006
2.88225968372719
2.88119065755434
2.87663305848828
2.87656928509697
2.87380201278328
2.87252046544932
2.87125910023062
2.86830145491836
2.86682331274815
2.86643864502943
2.86112050236477
2.85877415926609
2.8579587423365
2.8571446909797
2.85399893243199
2.85197264135393
2.84719750829603
2.84588816709551
2.84500695827842
2.8330105188236
2.83271161271322
2.83071860055877
2.82896289986372
2.82810850529201
2.82646048406258
2.82487234815998
2.82372136213187
2.82106395103857
2.81701769141811
2.81637848423151
2.81013463427401
2.80844233778586
2.80666742995035
2.80561768766301
2.80389781969773
2.80199035222117
2.79839190778394
2.79754982255597
2.79594570105574
2.79578064652297
2.7955090228861
2.79026778135917
2.7895912170312
2.78291450513594
2.77689934519397
2.77527742488073
2.77378441317616
2.77316458111343
2.77226342392343
2.77161522535339
2.76748260876294
2.76666631898859
2.76213671811714
2.75666977399586
2.75177267677477
2.75119635370406
2.74805400117331
2.73507065415979
2.73357592003023
2.73229391044505
2.73173470544081
2.73144792951451
2.72561278889135
2.72483633067048
2.72463641992369
2.72373894347703
2.72249410332041
2.72093638693371
2.7194994509985
2.7179233179595
2.71705320558138
2.71454589696665
2.7128620125382
2.71227402250438
2.71180864894207
2.71051199125488
2.70645929087447
2.70635729388275
2.70582696253682
2.70399930815182
2.70231674273713
2.70093212228536
2.69898878624462
2.69896071402488
2.69774539385249
2.68556287067963
2.68323704042434
2.68309392514481
2.68060162324567
2.67871334993392
2.6761732561933
2.67350020336965
2.6734182265349
2.67240811494075
2.67190116661731
2.66940033460166
2.66865775757519
2.66503538036323
2.6641196004617
2.66405818793504
2.66341459889021
2.66124312284655
2.66048172232566
2.65757085171861
2.65709826120588
2.65382344243712
2.65309923314593
2.65127667894594
2.64663978915006
2.64409867889777
2.64340968360684
2.63818612085774
2.62278508915206
2.62255976136141
2.62136988200914
2.62127540064014
2.61966237457576
2.61576970618661
2.61558463259925
2.61213522195284
2.61181758933319
2.61103615199247
2.61072437574045
2.60983533536259
2.60972285981561
2.60965863205039
2.60765156850546
2.60002205012038
2.59985363925935
2.59764196923122
2.59672562554852
2.59531547221058
2.59487210236987
2.58928663478578
2.58514857324594
2.58435064489491
2.58294469702789
2.58132680015779
2.57857603476273
2.57805202247674
2.57636678695443
2.61944704260407
2.56828350811924
2.3910276306173
2.39096568713886
2.35583012767537
2.3035677221035
2.28968947139652
2.27913392019227
2.24882705522255
2.16169009895542
2.15219126471271
2.15140161822599
2.13548414733102
2.11596870236887
2.11550312809594
2.11206835806049
2.0936547917842
2.08645754510507
2.07143791256092
2.06868140384573
2.05676558932833
2.04824049409251
2.04526699691633
2.04192496781336
2.03807464282395
2.02590254684437
2.01854050620932
2.01578918049622
2.01058730453607
2.00031377926173
2.00019094863536
1.99670043808603
1.99461417460446
1.99087591308882
1.98696624199558
1.98569123593333
1.98559676992354
1.9851716096491
1.98340964344525
1.97726712879207
1.97337267847807
1.9731286138413
1.96963004910612
1.96693046136692
1.9605454116514
1.95656105293589
1.95559005678489
1.95422946346688
1.95177699253997
1.9516778821385
1.94815748491408
1.9469055164519
1.93717286446567
1.93532483433508
1.93472113624279
1.93411516965498
1.93216558916571
1.92242352272643
1.91604212715332
1.91322339989388
1.91046038888198
1.90429783833179
1.90347324300179
1.90345239070915
1.9022070161039
1.90144120785218
1.89516273041621
1.89145890460878
1.89079843196255
1.88697123796465
1.88584706403615
1.88037421752696
1.87860084228965
1.87276277142394
1.86483475527356
1.86087769957528
1.85139540428306
1.84998575651816
1.84329814168129
1.8399259100846
1.83690088746603
1.836030880898
1.83591133990781
1.83405784538941
1.83373202226681
1.83039747248945
1.82619519276544
1.82537897547983
1.82362874724849
1.82064304389684
1.81987767644806
1.81965596568028
1.81895619367628
1.81500682594419
1.81082590905806
1.80725562227338
1.80689655640923
1.80393359288961
1.80136025951814
1.80034978709546
1.79819026385412
1.79333445196874
1.7931367019379
1.78889401469254
1.78673867573418
1.78443151111048
1.78408659204341
1.78123725717753
1.78079744772821
1.77640327152905
1.77491638738203
1.77435870635459
1.77066208046278
1.77058373866776
1.7697058071136
1.76827288532914
1.768111433526
1.76436977217411
1.76075228148477
1.76035001878824
1.75406153435241
1.75043078203362
1.7487740868062
1.74816875587867
1.74691043102637
1.7459522050988
1.74060001423388
1.73866352056421
1.7350079394833
1.73274353090513
1.73198605474417
1.72909883805796
1.72857273469044
1.72757996004792
1.72718359410478
1.72669866057314
1.72507091436806
1.71958195888487
1.71180683134685
1.71132541155959
1.71123944627948
1.70935427922559
1.70710056579959
1.70433235772894
1.703117463952
1.69895067884105
1.69579280300484
1.69239954214486
1.692188432374
1.69073965612768
1.68872523319027
1.68702956671995
1.68393041035873
1.68359806717578
1.68277928772018
1.68174278334773
1.67939008594268
1.6768270888423
1.6751816780609
1.67289757039101
1.67266133507608
1.66567339215028
1.66015719045536
1.65919321485809
1.65891412323666
1.64966073153934
1.64959133127891
1.6468581677083
1.64549726545872
1.64486056035491
1.64332868943189
1.63743888577788
1.63705001416241
1.63522693221164
1.63432802477584
1.63231086104426
1.63228195440559
1.63211983892387
1.63203277588121
1.63126261207693
1.63088212616818
1.63048345574608
1.63026586808159
1.63010512326117
1.62976307896325
1.62896418471107
1.62362162488941
1.62292614470765
1.62162950690418
1.61957540642393
1.61859724658222
1.61784359874457
1.6172891714112
1.61466996405508
1.60889292604234
1.60872092583995
1.60698238274511
1.60676516148071
1.6060756596891
1.6029607483369
1.60077304812337
1.59937624242164
1.59764709588374
1.59750229053228
1.59549328636771
1.59334010585524
1.59316057928658
1.5908497487331
1.59081879366789
1.58990753318396
1.58775851318627
1.58741705942369
1.58530584138759
1.58281616371856
1.58134305603586
1.58100332973616
1.58043070051391
1.57945866041647
1.57919740297408
1.57861697613987
1.5768992340701
1.57674204467467
1.57537794559263
1.57499861343549
1.57300826008927
1.57187714889326
1.57175016860572
1.57034643286841
1.56954812844539
1.56850570677919
1.56769206498067
1.56689233382261
1.56466007665551
1.56438895764634
1.56133400940284
1.557013938598
1.55011287134628
1.54792964028124
1.54529173900092
1.54527281551489
1.54445765933336
1.54379668557633
1.53936720396725
1.53763434675223
1.53747050412485
1.53691641305873
1.5366711092069
1.53524587170274
1.53511934084981
1.53279763700473
0.217400344996058
0.234562487984395
0.241599920468866
0.260927044662713
0.265537189984009
0.269417559513213
0.274660240700521
0.27964964684811
0.280661359201223
0.281010387476554
0.287628095815833
0.288160835165055
0.288498216851173
0.289024011497701
0.289429016470481
0.290655628537813
0.290881146633948
0.29158647246437
0.293956654992747
0.294708869617076
0.296820896842074
0.296993566931415
0.298197447248172
0.298262321304634
0.299146025551584
0.299178506362701
0.299796434339082
0.30047284605446
0.302266742876442
0.302387804274976
0.303486545847194
0.303832358904152
0.304243658164462
0.305486850491539
0.307218320278139
0.307920491400438
0.308173386558301
0.308954105851808
0.309403537545865
0.310693173451007
0.311266138862554
0.311579498785346
0.31209780972499
0.312511077023975
0.314595192008757
0.314787750276304
0.315525303000208
0.315685428068068
0.316668719351212
0.316920727125121
0.31728431367444
0.317453411991222
0.317459695780951
0.317553843033542
0.317699793641274
0.318737687004715
0.319646781815881
0.320212563936455
0.321354704433239
0.321791067440115
0.322539036705387
0.323197687107418
0.323354395096167
0.323709340247315
0.324040428663132
0.324681149380169
0.325379667198384
0.325782018262744
0.326702805814357
0.326728191612001
0.326839833573855
0.328021610712732
0.328466526914783
0.328845809959302
0.329075250156994
0.329480603162217
0.329610462528949
0.329621751094651
0.330843647670156
0.330848541935968
0.33097674185449
0.331210595737697
0.331229626814953
0.331901307304783
0.33239437865035
0.332577080843855
0.332804068765267
0.33331726531887
0.33359199789522
0.333885921730956
0.334105336003261
0.334692261580483
0.335113154060337
0.335285083080849
0.335337854300712
0.335773986203235
0.336847345219746
0.337055044943306
0.337135565714042
0.338761056146007
0.338906560669142
0.339209823520113
0.339357250986196
0.339432844474309
0.33966606006324
0.339697946731957
0.340144577619641
0.340448670154785
0.340577878094802
0.341019464202706
0.341152640189923
0.341797556850337
0.342014777815633
0.342307727215728
0.342354093993197
0.342437305849615
0.342840981680307
0.342936457782069
0.343250143949989
0.343274843307134
0.34327877215746
0.344366882171765
0.344379346126477
0.344590791773505
0.344981579974757
0.345062158385234
0.345066684796041
0.345171210921208
0.345524462279334
0.346409011181853
0.346513891539597
0.346870707710149
0.346992237794804
0.347066312456036
0.347561874029881
0.347648887071415
0.347693831489474
0.34777239031998
0.347838658494734
0.347840152006032
0.348420507033828
0.348779604779551
0.350000443296815
0.35003496572074
0.350057321441612
0.350109508168904
0.352040124099188
0.352061548439774
0.35206328345992
0.352509100063763
0.354318330849805
0.354956726905625
0.355011152421559
0.355108471171359
0.35574106681105
0.355797275828037
0.356139523538887
0.356349704964333
0.356894886102046
0.356983360724589
0.357038637476446
0.357146886778207
0.357575322378411
0.35763879613185
0.35787002468197
0.357897263433364
0.357990642573593
0.358021545084072
0.358552582396723
0.359210362480414
0.359511158012071
0.359530082705048
0.359831158899704
0.359985571390321
0.360068929092237
0.36010945642114
0.360233286773391
0.360353262872905
0.3603867093732
0.360750446835554
0.361097512690174
0.361127222909914
0.36119181295894
0.361258847596818
0.361329732995731
0.361552594813174
0.361867208652103
0.362539587832698
0.363697643991476
0.365434047709202
0.365891008417773
0.366141204202291
0.36682291288375
0.367659240679883
0.367706002597527
0.367888983591384
0.368465723327932
0.36856990323716
0.368666491810366
0.368778150501768
0.369001963164043
0.3692744434333
0.369428880255775
0.3695756626446
0.369647795368223
0.369781926567732
0.369842186930343
0.369935457201725
0.370233128609451
0.370525789754607
0.370562231166929
0.370738573325995
0.371329864373158
0.371552288716827
0.371912729614336
0.372534299986417
0.37261713028221
0.372643964939353
0.372669883340905
0.373490140271621
0.374082233192809
0.3744284832163
0.374585342644513
0.374728741737841
0.375801599036493
0.376260870661336
0.376352174129279
0.376372219074256
0.376395357693353
0.376537273936366
0.376560152201694
0.37666032476354
0.376881483624832
0.376952160319467
0.377224839828422
0.378085658786542
0.378120887538956
0.37832583213243
0.378439225324371
0.378460734789834
0.378585261354964
0.378676215073768
0.378708357966765
0.37881535103039
0.379364060185941
0.379367688023257
0.379972656298347
0.380344142170411
0.380376735680242
0.38074063239426
0.344420807575766
0.370555845581133
0.391868383214098
0.407994339568049
0.41329477304687
0.413297967708443
0.422350542081924
0.425328494162212
0.433208283330036
0.435215832198277
0.43764473850404
0.439182073890223
0.440382676105384
0.444820590590564
0.448956272611263
0.453526673557703
0.459114004276474
0.460485275949503
0.46242232323539
0.462927865993259
0.46436559400485
0.46539378800392
0.465626143594907
0.468038915096934
0.46873746653656
0.469642160604682
0.470307478033183
0.471941893755073
0.472293699649389
0.481667950355727
0.483982824265469
0.484698048492076
0.484984969838745
0.488038501459246
0.489139975927016
0.491240017258701
0.496560497057271
0.49697551417903
0.498061531225289
0.498686688687888
0.501139293963934
0.502859685898895
0.504571266616526
0.504845301915981
0.507515645833146
0.511113435362549
0.511422525076539
0.511511004409918
0.511591027100358
0.512434104242065
0.512958083648708
0.515045613452041
0.516618486360781
0.516688722323835
0.516729234717263
0.518216109375275
0.519220655440784
0.521716262000364
0.52230396747517
0.522870516859321
0.523007247192465
0.523092984051511
0.523303851144838
0.523347059674763
0.523779196183739
0.524952454287274
0.524960526510912
0.525781240576024
0.52604080264887
0.526118090586729
0.526607508207454
0.526615641952642
0.527275525416659
0.527543885481951
0.528085783709101
0.528410254496924
0.528986646920843
0.529369099568964
0.529862155188029
0.529862967510208
0.529886318408745
0.535313813657321
0.535385960444181
0.536002143101074
0.536353557165756
0.536395848972408
0.536982842354873
0.537412601711391
0.540180340647013
0.541311354401912
0.541607476886873
0.541984980777866
0.543973869307486
0.54449845230533
0.546276874702997
0.548410064146347
0.548494306349179
0.549513346593023
0.549701513786625
0.550186514571377
0.550733956449068
0.551235147063919
0.553978118233362
0.55476103107368
0.555260128410619
0.555687918711762
0.557175512916022
0.557410916014526
0.557572711700907
0.557701889634936
0.559528376967881
0.5595919737233
0.560516773244187
0.56158048964348
0.562091130087774
0.56211460338325
0.56292603842342
0.563396137601762
0.564373933188083
0.564392927939238
0.564615132965203
0.565779331862862
0.567165080796367
0.567964300279545
0.568979517156848
0.570177265185373
0.570554246280035
0.571795353674943
0.572611264789048
0.573069463791618
0.574533688532653
0.575378071655431
0.575466937761632
0.576609021720226
0.576754255164341
0.577336788973632
0.578554071396774
0.578904220488261
0.579063242681948
0.580705173980689
0.581254220810258
0.581430198401002
0.582389613593277
0.582518680753823
0.582830499370088
0.583009690377232
0.58418488569081
0.584253657538091
0.584504727697149
0.585002346847335
0.587164512127284
0.587683849609039
0.588019576885915
0.5902738959642
0.590497988842818
0.590629529017836
0.592534603731678
0.593451758652065
0.593586953757179
0.593901547000136
0.59506583873002
0.595500824239119
0.596815500002644
0.596882449886908
0.59753491139268
0.597912485920737
0.598372541169484
0.598760732874917
0.599260918131696
0.59969716068057
0.600070705681142
0.601298439350573
0.603138755092393
0.605298755011018
0.606523831695033
0.607156643681137
0.607311183805737
0.608682278804899
0.60894310848989
0.609225091875991
0.609314506230419
0.609329146709591
0.609999161159315
0.610239889473875
0.610886695373781
0.611310673356005
0.612274356363608
0.612334882360783
0.616001144328147
0.616011026795047
0.616451991117631
0.61718056766407
0.61800644314358
0.620389430653382
0.620836868177699
0.621060151248829
0.621606223158094
0.621813996144583
0.621999766177996
0.622059447837053
0.622274303677262
0.623078058420554
0.623433948885085
0.625496765959811
0.625699554035877
0.626799698037335
0.62683079181841
0.627390092702423
0.627550650202266
0.628080927753992
0.629404390106097
0.629436091664505
0.630244612809601
0.630859839937274
0.633071314416069
0.633503687510796
0.635556739995504
0.635902544679711
0.63719374289141
0.637253011770969
0.638883260124224
0.639085723800053
0.63976735129439
0.640751096981121
0.64309313477207
0.643451029051028
0.644043310299683
0.644713207765744
0.644875926449223
0.644881712309321
0.645047637323439
0.645331391273548
0.645917169797059
0.64649367410418
0.647184135164412
0.647271903573743
0.647882510674391
0.648086602857246
0.649527232320053
0.650403625049264
0.65101109437064
0.651292122734103
0.652311816324944
0.65302767121311
0.653308512970992
0.653944083512739
0.654702556453649
0.655761067255043
0.657247751367133
0.657319868224373
